Loading HPT model bundle...
Preparing training data for baseline models...
Training Logistic Regression baseline...
Fetching macro data for test period...

====================================================================================================
BENCHMARK RESULTS (Selective accuracy at threshold 0.6)
====================================================================================================
  Ticker     Class  HPT_SelAcc  HPT_Cov  HPT_OverallAcc  LR_SelAcc  LR_Cov  LR_OverallAcc  RF_SelAcc  RF_Cov  RF_OverallAcc
    TSLA    Equity    0.375000   0.1000          0.3625   0.800000  0.0625         0.5250   0.458333  0.6000         0.5375
    AMZN    Equity    0.875000   0.1000          0.5375   0.500000  0.0250         0.5250   0.607843  0.6375         0.6125
      BA    Equity    0.600000   0.0625          0.6125   0.000000  0.0125         0.5500   0.604651  0.5375         0.6000
     JPM    Equity    0.500000   0.1000          0.5500   0.000000  0.0000         0.4625   0.383333  0.7500         0.4125
     NKE    Equity    0.384615   0.1625          0.4375   0.000000  0.0000         0.5250   0.681818  0.5500         0.6125
     WMT    Equity    0.444444   0.2250          0.3750   0.000000  0.0000         0.4250   0.512821  0.4875         0.5500
     MCD    Equity    0.470588   0.2125          0.4875   0.000000  0.0000         0.5625   0.586957  0.5750         0.5250
      PG    Equity    0.434783   0.2875          0.5125   0.000000  0.0000         0.6000   0.604167  0.6000         0.4625
      KO    Equity    0.444444   0.1125          0.3875   0.000000  0.0000         0.4375   0.500000  0.8250         0.4500
      HD    Equity    0.500000   0.0750          0.5875   0.000000  0.0000         0.4750   0.519231  0.6500         0.5000
 BTC-USD    Crypto    0.250000   0.1500          0.5000   0.500000  0.0250         0.4625   0.517857  0.7000         0.4750
 ETH-USD    Crypto    1.000000   0.0250          0.6125   0.285714  0.0875         0.5000   0.473684  0.7125         0.4250
 SOL-USD    Crypto    0.500000   0.1500          0.5000   0.500000  0.1000         0.5125   0.517241  0.7250         0.4750
 ADA-USD    Crypto    0.714286   0.0875          0.4375   0.454545  0.1375         0.5375   0.659091  0.5500         0.5875
 DOT-USD    Crypto    0.500000   0.0750          0.5000   0.750000  0.0500         0.5000   0.628571  0.4375         0.5875
 XRP-USD    Crypto    0.571429   0.1750          0.4875   0.500000  0.1000         0.4875   0.634146  0.5125         0.5125
 LTC-USD    Crypto    0.500000   0.1500          0.4750   1.000000  0.0125         0.5375   0.571429  0.6125         0.4875
 BCH-USD    Crypto    0.428571   0.0875          0.5000   0.600000  0.1250         0.5375   0.558140  0.5375         0.5625
LINK-USD    Crypto    0.900000   0.1250          0.6125   0.500000  0.0750         0.4750   0.557692  0.6500         0.4750
 UNI-USD    Crypto    0.363636   0.2750          0.4250   1.000000  0.0375         0.5625   0.761905  0.2625         0.6125
     GLD Commodity    0.533333   0.1875          0.5500   0.000000  0.0000         0.4875   0.372093  0.5375         0.4625
     SLV Commodity    0.555556   0.1125          0.5000   0.000000  0.0250         0.4750   0.466667  0.5625         0.4625
     USO Commodity    0.600000   0.1250          0.4875   0.571429  0.0875         0.4625   0.425000  0.5000         0.5125
     DBC Commodity    0.800000   0.0625          0.5375   0.000000  0.0000         0.4000   0.387755  0.6125         0.4750
    WEAT Commodity    0.363636   0.1375          0.5250   0.500000  0.0250         0.5500   0.440000  0.6250         0.4750
     UUP  Currency    0.285714   0.2625          0.4250   0.000000  0.0000         0.4500   0.530612  0.6125         0.5250
     FXE  Currency    0.230769   0.1625          0.5125   0.000000  0.0000         0.5000   0.476190  0.5250         0.5250
     FXY  Currency    0.250000   0.1500          0.4500   0.000000  0.0000         0.4000   0.566667  0.3750         0.6750
     FXB  Currency    0.666667   0.0750          0.4250   0.000000  0.0000         0.5125   0.530612  0.6125         0.5125
     FXA  Currency    0.600000   0.0625          0.5500   0.000000  0.0000         0.5500   0.458333  0.6000         0.4750
     TLT      Bond    0.608696   0.2875          0.4625   0.000000  0.0000         0.5125   0.540541  0.4625         0.5125
     TIP      Bond    0.545455   0.1375          0.4500   0.000000  0.0000         0.4875   0.553191  0.5875         0.5125
     IEF      Bond    0.600000   0.1875          0.4375   0.000000  0.0000         0.5250   0.543478  0.5750         0.4875
     SHY      Bond    0.500000   0.2250          0.4625   0.000000  0.0000         0.5000   0.542373  0.7375         0.5125
     BND      Bond    0.705882   0.2125          0.4375   0.000000  0.0000         0.5250   0.489362  0.5875         0.4750

====================================================================================================
AVERAGE PER ASSET CLASS
====================================================================================================
           HPT_SelAcc  HPT_Cov  HPT_OverallAcc  LR_SelAcc  LR_Cov  \
Class                                                               
Bond           0.5920   0.2100          0.4500     0.0000  0.0000   
Commodity      0.5705   0.1250          0.5200     0.2143  0.0275   
Crypto         0.5728   0.1300          0.5050     0.6090  0.0750   
Currency       0.4066   0.1425          0.4725     0.0000  0.0000   
Equity         0.5029   0.1438          0.4850     0.1300  0.0100   

           LR_OverallAcc  RF_SelAcc  RF_Cov  RF_OverallAcc  
Class                                                       
Bond              0.5100     0.5338  0.5900         0.5000  
Commodity         0.4750     0.4183  0.5675         0.4775  
Crypto            0.5112     0.5880  0.5700         0.5200  
Currency          0.4825     0.5125  0.5450         0.5425  
Equity            0.5088     0.5459  0.6213         0.5262  

Results saved to benchmark_results.csv
